initial_pose_x: -0.001995
initial_pose_y: -0.001705
initial_pose_a: 0.005389

