initial_pose_x: 7.319294
initial_pose_y: 19.458788
initial_pose_a: 2.888569

