image: WHEELTEC.pgm
resolution: 0.080000
origin: [-10.040000, -10.040000, 0.000000]
negate: 0
occupied_thresh: 0.65
free_thresh: 0.196
