initial_pose_x: 0.000075
initial_pose_y: -0.000109
initial_pose_a: -0.000031

